TC: 23.5
TK: 296.65
PmmHg: 748.5
PPa: 99791.7928
Mair: 0.0289644
R: 8.31447
rho: 1.1718727
mu: 1.8542166117e-5
nu: 15.822679474485583e-6
